Тунелі та їхні довжини:
Тунель 1: (20.35, 93.28, 29.52, 97.15), Довжина: 9.95
Тунель 2: (90.12, 33.89, 80.54, 35.44), Довжина: 9.71
Тунель 3: (70.41, 45.57, 73.93, 54.13), Довжина: 9.25
Тунель 4: (76.23, 54.60, 69.14, 56.21), Довжина: 7.27
Тунель 5: (51.41, 52.20, 43.29, 58.52), Довжина: 10.29
Тунель 6: (28.91, 60.78, 38.19, 60.94), Довжина: 9.28
Тунель 7: (78.03, 54.91, 69.42, 54.30), Довжина: 8.63
Тунель 8: (39.37, 98.07, 48.56, 94.31), Довжина: 9.93
Тунель 9: (68.09, 66.52, 75.33, 61.44), Довжина: 8.84
Тунель 10: (14.98, 3.27, 21.21, 9.69), Довжина: 8.94

Матриця суміжності P:
0 0 0 0 0 0 0 0 0 0
0 0 0 0 0 0 0 0 0 0
0 0 0 0 0 0 0 0 0 0
0 0 0 0 0 0 1 0 0 0
0 0 0 0 0 0 0 0 0 0
0 0 0 0 0 0 0 0 0 0
0 0 0 1 0 0 0 0 0 0
0 0 0 0 0 0 0 0 0 0
0 0 0 0 0 0 0 0 0 0
0 0 0 0 0 0 0 0 0 0

Матриця досяжності R:
1 0 0 0 0 0 0 0 0 0
0 1 0 0 0 0 0 0 0 0
0 0 1 0 0 0 0 0 0 0
0 0 0 1 0 0 1 0 0 0
0 0 0 0 1 0 0 0 0 0
0 0 0 0 0 1 0 0 0 0
0 0 0 1 0 0 1 0 0 0
0 0 0 0 0 0 0 1 0 0
0 0 0 0 0 0 0 0 1 0
0 0 0 0 0 0 0 0 0 1

Результати жадібного алгоритму:
Вибрані тунелі: [0, 0, 0, 1, 0, 0, 1, 0, 0, 0]
Загальна довжина: 15.89

Результати імовірнісного алгоритму:
Вибрані тунелі: [0, 0, 0, 1, 0, 0, 1, 0, 0, 0]
Загальна довжина: 15.89
