Тунелі та їхні довжини:
Тунель 1: (5.52, 55.12, 1.96, 66.89), Довжина: 12.29
Тунель 2: (28.14, 57.21, 43.27, 47.41), Довжина: 18.02
Тунель 3: (1.63, 14.42, 8.07, 26.99), Довжина: 14.12
Тунель 4: (36.42, 40.38, 31.44, 16.24), Довжина: 24.65
Тунель 5: (50.88, 35.76, 48.45, 17.00), Довжина: 18.92
Тунель 6: (36.01, 38.32, 58.11, 19.66), Довжина: 28.93
Тунель 7: (17.83, 35.19, 4.19, 20.65), Довжина: 19.94
Тунель 8: (52.78, 67.24, 27.49, 67.98), Довжина: 25.29
Тунель 9: (39.49, 68.77, 30.49, 41.93), Довжина: 28.31
Тунель 10: (35.42, 56.06, 27.77, 30.22), Довжина: 26.94

Матриця суміжності P:
0 0 0 0 0 0 0 0 0 0
0 0 0 0 0 0 0 0 1 1
0 0 0 0 0 0 1 0 0 0
0 0 0 0 0 0 0 0 0 0
0 0 0 0 0 1 0 0 0 0
0 0 0 0 1 0 0 0 0 0
0 0 1 0 0 0 0 0 0 0
0 0 0 0 0 0 0 0 1 0
0 1 0 0 0 0 0 1 0 0
0 1 0 0 0 0 0 0 0 0

Матриця досяжності R:
1 0 0 0 0 0 0 0 0 0
0 1 0 0 0 0 0 1 1 1
0 0 1 0 0 0 1 0 0 0
0 0 0 1 0 0 0 0 0 0
0 0 0 0 1 1 0 0 0 0
0 0 0 0 1 1 0 0 0 0
0 0 1 0 0 0 1 0 0 0
0 1 0 0 0 0 0 1 1 1
0 1 0 0 0 0 0 1 1 1
0 1 0 0 0 0 0 1 1 1

Результати жадібного алгоритму:
Вибрані тунелі: [0, 1, 0, 0, 0, 0, 0, 1, 1, 1]
Загальна довжина: 98.57

Результати імовірнісного алгоритму:
Вибрані тунелі: [0, 1, 0, 0, 0, 0, 0, 1, 1, 1]
Загальна довжина: 98.57
